1266458945
51696261
1081544269
305801917
900318639
1332075348
490218639
508564900
1247473444
1077384806
1250218340
986097588
1546398858
262665030
713231773
1950672506
2070626149
738723145
1420852580
1884236957
1486479124
995816150
163707699
2045709154
251522223
354816147
915392343
1285153855
810730344
239040424
1834617100
2077189289
290736685
768677721
235507558
1191055324
2100753069
725726197
1699620224
1200742866
1803111003
802354917
39356806
1202026214
1065019947
752588579
1005215072
988162448
1491311724
278584004
724915758
830307200
1274400155
888623457
728532706
1525922378
1243439604
1643925049
663592585
2054169948
1882965474
350726038
1983875589
26218511
1119403759
71899499
1217273836
1072673181
797625696
769410412
125932399
453253052
1571765329
165289205
1655279266
489301629
917877785
513010690
1477464077
261705861
791594695
54896187
1092013062
2065994850
943519644
1820545768
1444433580
39475600
1316987170
2108026165
2093645548
1052468996
311268555
1930037489
1078687507
1430672315
2001936988
148477695
355861848
652079037
917888108
481794247
1105332089
342169789
647083452
613127707
831471418
1564961237
1126138397
161451848
1826667099
1917733092
216348035
771196513
1836244294
1159867680
444258633
1133194226
1199343280
1761245803
1093736744
1145505181
666231151
1405005299
928059022
1744918659
688193966
782512363
1893396354
1044055814
1434591400
663800814
1525850061
392439841
1005970604
25449866
1005567548
1837442022
1590411103
2131705945
1998893870
1269594554
1901955390
67758258
2040791067
1590716036
1227625938
337566053
576426615
279485570
2098811856
1670163359
1424990751
617559360
927685010
205566126
214994371
1615878977
988078489
2108390725
512451143
275186241
624707892
2038301205
667626082
1630678496
2063751071
1673193630
1320636870
1506678526
1657415927
1172047093
628789433
1411887669
1239805351
522096852
855120058
319947641
859662905
1431546673
599433211
810991114
954226384
2024423963
1428550474
1881911394
82506441
1643544845
1350306723
1070584930
1604451922
1862757867
1345771171
81676166
1753575424
2013397253
1712354662
1669842847
1539107235
885507885
1029037725
1049039514
2057554978
1657827158
313443536
1149876681
32440363
1168563594
1469824322
892103268
452626619
2069257533
1703094382
1406853003
1946197848
984161208
1141280749
2028704289
480222405
344103825
951805571
2084674328
59378044
150093094
18866846
1812953468
16006699
1731221509
1335312667
1555113934
469245746
216866744
456669801
379317076
1874693903
770113337
1529193757
1907134266
1938676931
851534431
651753886
243819902
773308316
207364621
1650672905
572022517
1191525829
644470006
453243158
1671748235
988573831
1405048730
1608938915
1047951875
1555141824
1627805761
713421695
1571148524
1211543622
2048734362
978778810
1680789368
118117459
1435448611
2060106444
1992811362
58078300
1441816553
1752461980
1996755231
145867336
256732218
93091485
919175653
464096839
1743764390
1491198170
1655622669
240750749
1944441328
1179887256
1229324580
1202006410
641342523
129792808
609664587
121664636
843214503
33329463
1333208259
744465218
1012108273
866513979
862582677
300073237
779136776
707910391
358151537
73469681
312888723
207423121
219337018
569620941
300514606
1138512671
1033717781
2044278997
482227193
541856802
137546098
279184873
1721744058
1366870678
1481191284
215602933
1496663486
2090855871
337267569
192394342
2124185334
1670475828
936859560
988809959
389506160
1799442237
1288883196
1168642936
359868980
1647034734
1242112617
672757703
1854457855
1461449635
1242378644
7488813
452478658
128612777
2051767810
934705851
670469579
41830260
1213890725
244729989
1408700939
547598361
460332922
757880777
490970584
797600492
950275119
467672270
320592672
1887134679
1456482229
710098832
1539093268
597881778
1878741768
1898962248
97432864
973370738
424236303
1951890719
287336725
1666614948
1959379532
739815384
1795227725
1863663695
1674521235
318213657
1905493955
740928312
562943646
1166711246
1288526673
1023276569
1924592024
1779497257
1820877061
727383495
99685879
2141469733
467034527
1556168109
704084918
2006127795
6566239
435343038
1757606396
103999103
1408713776
34359051
2055889822
1696050502
1700973999
1867785706
288382238
1348718077
1583965753
1962903473
1666931734
1341976061
556348138
82391732
361203659
1844874811
1105668301
138312035
1476888421
779061714
865695531
1576574300
773047800
1332730058
985258761
1477132718
1191374205
991825000
1912475756
801496953
1095824103
1173705885
835856005
1004230277
722272739
389346356
724532336
1010654977
1738064433
161014441
826074802
1257512519
1502990502
1382422940
1339904252
1864194162
1079814104
298088905
2002506197
409218877
1077150620
720718080
1985793177
1850198420
2053448138
823568291
1179847490
1097338696
1815393291
944839598
1898835649
763733747
2118545483
587208006
1767964024
693334574
976554363
345012712
1703989551
567135148
506027154
382580706
1824647668
2009017656
1765003646
1017068272
1725728170
697334102
1315157177
1580750720
1106552979
244824149
153985152
944862509
2095022569
59949643
1768430800
1127386411
1157288339
1436340443
2072226010
908640340
52590542
2043287845
1495848347
1820554567
589138772
324919062
18083631
145644675
892054210
524110785
528225381
569218230
385644794
145745380
1586286502
2111372964
843079482
753960032
1544640036
1949632462
998784181
1698625189
747011323
946323103
1758574832
367958475
2073709514
768379523
1804298918
1998451876
1677019863
1856889461
1894256074
1025384562
1529960380
335911198
1350303624
1548044011
481555873
94874187
2072154797
1009781255
664092417
310315943
1155526635
102895272
274205259
1998606117
856855304
1818845296
1800754931
1855639485
1369986837
400282606
654478940
981078021
768241081
580704807
1749457544
425056352
431673035
1278993759
134462165
178445461
156894674
1664422545
514356659
1507198298
1064982908
995912533
1602072485
989654057
2005693788
118681255
1299970000
1013736775
221576527
1574175260
864859244
1078431831
1245536908
518130528
786587668
468040097
918413134
1441066609
1449118118
1686654216
2021771416
1051092014
2111710568
305960803
182602125
98689085
484406265
339496799
1763111630
998762924
1846695098
680610890
1994675457
1301283935
1670264948
1852885597
1419965190
822751300
719138724
1641541717
249442912
1583997969
572489900
1494979820
2102128497
1359077569
1963019917
873057983
652660530
1264654387
412228551
526948298
168262753
376455471
832909101
350864879
475144556
1317315366
690361678
90772538
168594643
389573128
771383429
15786452
1690857064
294164729
1868672050
963338606
1116916029
440327126
457396676
1366358942
2024325095
1029886576
713855114
1978969944
241480497
529391384
704544280
894141027
1794045771
1116772831
1421089325
1962308525
1493228303
106514779
165689756
1968372859
1423830145
856051434
2059145398
1592424788
1245624563
683045179
1608211241
788997979
977209908
1329399643
1752336585
2094125937
1769726769
62249613
1313001231
1646568217
1092136190
2026856346
1478054513
1333616687
408764082
35115145
80274067
55326205
1151887977
1501363392
2017634730
497632632
1607878171
35840838
318521843
884224669
891892273
230183593
329165809
2137516836
913228772
1937377050
779031167
1890438680
1119293045
383884104
1837080970
741536167
446133718
1002598553
240620736
1538269908
881971251
1718675249
724402947
1290735333
1753790395
804677014
1346061539
758194724
158556759
1216212621
1255827356
1766434930
1252053460
1574349199
503175951
2143945733
1804532793
832341761
2133978921
570277917
622235163
765526440
313232950
1741528209
1149410544
2830272
335580728
1595544262
1005428825
576201464
986330522
1887400077
147393065
1710733470
1030651762
1901183460
367926836
229229653
511894536
526483595
1445442275
1767721892
145434878
550012087
1194587444
648610829
546474172
851636589
1480952590
532969445
1421914506
2103187754
1298495885
1735147456
1697232315
300422781
1737977728
2032813043
1895967044
595922906
461530859
734813918
335839335
608923924
298063740
1366491097
362623737
665990577
1595720751
874518273
1192474172
893679378
494756518
1337909050
1443691465
1689343962
1986519880
1990165637
393496903
1319988822
375651434
1815411409
1275692928
1674147319
1403075218
825441595
1974570100
993569298
710770990
1723053496
1589492204
1172301849
310383767
1925331539
1781225774
608447507
1144338989
2143849511
1274438084
592576092
870884136
319428609
1486255470
1365640654
1657337659
782463287
907500968
1496373891
625145276
1300997871
668879066
1000796710
968925633
1944571994
527460381
224517203
622529942
354546833
1218086501
1333300932
2077600330
660095058
358119134
240500449
437942949
2139344908
848947956
1582281938
2135710771
2123386041
27374382
859111259
295331002
1513629852
77268266
1952668661
148609491
984769234
1301558905
773754767
138283458
1970437971
1774551477
1107209091
1767526317
154528210
1331726294
242572611
509075044
402329147
1575873544
439191726
1062424205
1933992678
679692175
1500367155
1925853938
1528640131
935165445
1914081061
1504542524
962539828
625708672
1799873526
328686032
702976938
1605058540
477295524
1687746173
759133797
1251050291
1826029631
582088120
878118121
785755074
202130789
1032646331
2117481368
444703401
1541721375
372326867
2020576945
1980913101
1434751073
1807085975
513121628
787634580
1585456265
2041761760
1722800025
1352053678
1398820636
537856205
1977762350
1051210515
866542238
533255641
508785407
1343837762
73518166
1267919204
447404405
1899547797
1850007324
1325522526
537819223
2052138113
210685210
507816943
349357866
1752406585
880143810
222451163
1585836039
167411235
2029537138
2098957667
955045815
1467509755
1993235779
530362193
672079785
1244572768
1068218398
502358488
148299635
1934760636
1035614129
657085042
1131114750
1109132295
1925004246
1578519156
861196444
1627527922
756558034
1399015667
1532182387
967243244
1906832610
1881540254
572166182
639492772
2103991417
10518573
806904008
1986044908
2109476240
1761949823
1306071015
1955228372
144828368
1978150801
1052317492
1213046767
333025641
1200617127
1000323755
1368639770
1857702169
2131438506
330288417
1635222767
1562474014
1191484861
1115267041
171548400
443016880
499965780
1138791645
202365842
234022386
1710957827
841858614
190530156
1721476400
1648762622
29091416
1683468992
1263228798
1335162431
1491213716
1408057166
1165829584
396047560
473620285
1498855225
1596664687
1473944041
720011347
1306883208
1457898899
1050299764
794622327
872889265
94300977
1909889368
1044437665
537317857
262371501
35745662
739683699
496393887
1746703489
1581542314
686924043
1320696241
1082821288
716015459
856681586
198566438
2051177891
200411654
1606623605
1069523827
596459215
2080243890
420895405
45640254
1406704283
1140906752
1352523463
717119534
43722869
2147145790
1590008799
138023846
1909551511
486962817
675341704
24439364
522708479
1415025403
520833251
121928321
849084069
1207757295
1442624562
1931905358
1923772754
151822500
2130471796
1827466997
352234155
1589611753
749507177
948693370
1522371996
1170402582
994333624
781592631
163825686
199373439
1498712166
207548555
199035582
941237317
345572402
2108587093
1428200134
1020914106
2133026457
1950908614
288455861
506376060
2072836935
1137539931
1714133355
1367977849
921961641
1490422462
1519800350
904949789
1170405811
1872034505
347077895
1919912988
673244227
1869449891
942831922
1667577851
503558874
1106657609
1866951291
2002271040
1314206164
2065986873
796024710
1659778566
2027090318
76741196
533209024
2012633127
2027649810
821664886
371525539
1953003097
1959204817
2085658895
1173497299
733682810
1428597709
545814001
1638632599
451519872
270364858
1985710494
223949213
943609085
1707676737
1166781135
463703288
63751964
125955096
183170931
2066023004
1440161261
101674156
714564066
952456179
2128764474
791305263
1485665204
1993913953
671471425
159846442
217955845
476990875
2119051259
156131092
1650488174
705250421
1584728801
48818527
196399372
2036248673
319183385
34626219
112714238
1262792470
1742302956
1279495374
1726495758
1806054920
1405450470
1909666690
1724594277
698128083
2011340846
291674695
1650584263
1992621673
1082979958
988765819
1839051978
1754451384
1148612261
2057007823
83958611
1120179872
65655267
1734446785
1825430293
1650384068
1783265312
2021829665
1539149094
2102448697
2056455884
1651863332
1217757519
1651275193
783875058
796769629
1309846465
41841881
558952671
886957094
739969964
422809870
1178631790
243070579
267947895
114128100
1231836398
2106999873
1868579484
232965011
2016524049
1952538095
1353144883
2082179316
1539501232
1031091528
1585079737
1175282896
905437546
976745183
1130247945
814409782
481124867
200521816
318201327
1264999926
997291446
1628047793
1306841807
1556244117
367521239
2046811771
1979053987
1546153029
142398703
99518234
1660281130
1374235101
59034460
1381376966
1607200113
2075558509
1186431414
812861348
2010254177
578448998
1843952877
1447850266
1753731895
601906775
277111801
736496192
1416316557
758236669
937018009
1734517885
2023236595
1934309455
1215082030
1182594754
1343069924
1582603269
1081922877
1174640264
981272651
1224321580
1274158498
494070133
451073034
1333192958
1875447099
2058273147
1261267819
914394865
723650847
1124038349
1492843864
420120076
424404967
1099092111
1022026851
701516769
1835588303
290859761
1459753438
625122664
2025377646
1335506385
411948471
1092976028
370617491
1755018396
528095649
1452540368
782175012
1509368300
529378301
2056333510
2003438433
980451335
1242042821
1731401885
891240834
355826992
498313102
1614891681
1479865341
1991156966
2035011758
1904270309
942765429
909554961
458303430
630870085
1200414722
1918056868
1255992749
1078308720
1106079605
1667941221
23801100
1476697096
1275475969
551896750
781753816
2057650981
2061265050
1311132117
1966500843
1917219836
144099804
1061060016
1501138073
1035340638
1416887009
1999451175
502748672
749268702
1843124494
390276782
506055363
638406275
1299831743
964358793
1269276360
352762818
734932013
377785462
1431071538
1841011618
2045726683
1454872639
1170225066
1173719004
2006769389
1951978883
1083886337
1920550791
1115627352
902903532
1690286979
1259727157
1963963549
1043941404
147584147
1233366910
895908932
650332819
1982635612
591549778
1040609601
341207328
1229956053
192957697
1305566121
351748766
545720515
2040498135
729534228
1976792053
1734026105
627777263
1284181044
756767524
1801496267
1143466785
561262759
737898956
916533929
1676890111
1640802488
459337260
789133620
1457282389
1503278665
936717768
543165651
251703949
1587050587
378317616
843253727
480176541
719524944
2073209780
673134238
2025091065
277474898
1218854753
1918105552
1007009126
1048163158
1504648010
1634786389
184860555
113931886
1288799008
1328327340
675194645
2026697964
97377621
204601108
1520016805
556714882
993734729
829815546
2059993547
1930452497
1372981198
164213848
1370019436
1751298814
1007467575
1850195977
323340110
933193707
375846567
200947527
1210668606
1594701320
2119053080
70194084
495380831
1476217442
1704980474
680241386
1590149328
846295834
2008568726
117860325
725510151
2105946348
322461433
98043308
515177582
1316196162
927858854
427687481
1099165011
153356404
591901329
321700800
1904655218
1599368904
24413129
80511680
385078963
400259697
281459208
1595747569
1994961017
253028640
1665941654
342858200
1729246082
1223438480
1023099586
1171911762
2069734314
884184665
1289772087
647760817
842647365
1612233520
745804125
1357824947
780946035
1673662980
1785512428
1880111046
1827019384
229930109
54328198
1584190955
1829299013
78741328
1664702635
66894328
479001025
1946161843
1662641898
326478394
51706835
1181099904
669336595
1780952917
257054736
1692436181
805381031
179305402
429137198
2095153118
827066220
1271784563
1559902991
1572870345
482125862
193365378
1099049677
120154642
2073476424
778585414
350084751
2127804623
215292721
31900116
59062303
1879995356
98794445
538063328
1678673552
1761436343
864541722
1730380387
795052599
1533878317
1363849657
1052107335
1078830851
21747040
1231412737
1507968049
2116900159
2058478957
632268965
1529319502
1483865655
1114394827
1722684880
435431684
1234549470
1648677656
1214017098
1584634221
1628998631
1429309819
1616534338
1688060934
1161821528
1715328783
78640614
693011432
1329281478
943182337
275908171
2124334077
329577006
1639757828
1028957764
1408407857
1661504869
112886853
768892259
1630921380
23882163
1401161224
1012757234
1507747818
368072403
587958466
1943179502
1602621873
89152474
1009712953
1039772447
1718151106
291539124
508823137
1258728392
1453360652
76668272
1337369007
2146372084
1405949750
133067696
274796608
1382800179
462644702
1914554436
264274295
1871052560
1428575657
377161148
492461171
912013389
401043311
1893622395
1924770623
1908791129
114211150
365245441
1704486984
1716833024
454397916
566716289
609121823
25065374
858255413
1117944960
1283793766
164132418
1194613232
473679125
163020854
453079334
606746821
437817462
1835879513
1069391524
204888251
2100153808
792960436
1633463908
329831308
1285421607
397993650
730874620
1031560354
175280625
492182101
1145771504
540526067
49185437
715120880
994923983
615901726
1324242703
1019989357
1474157140
294704015
156299475
1638289558
1489317247
629978601
1801310412
1942396581
1236725422
91644227
1630792446
158633298
296532478
1583462606
951593734
1929996386
1913293915
89531693
180506388
496684887
1121092047
355787014
988866988
119379904
896313081
1038052426
834500784
1891237064
1653954152
11259840
763742773
980627644
305963855
920042248
471433554
1795281103
1550020849
125260319
1590194036
639262624
216904546
1073502835
797895922
513437024
509481793
1749489657
295949762
275292060
1839021350
476456151
771976947
812629750
832243165
1760843936
932009654
1728556246
651412714
1766510438
1472309662
157883218
1777770278
88568787
1138510863
2083734134
1008611035
1609944417
1731531589
411148237
1735204736
1174241977
1050410861
1952109282
100261164
1848306783
318062658
609742958
1450312792
614012421
885035018
1141850495
1090468572
1657011966
1954480245
1922711737
1270372254
739006251
1503784335
1921784968
358033041
828610349
2079668186
2135803320
917179136
1070695401
2072053806
1925790171
533156171
1656101747
189454760
120877259
682860076
1239865621
2072986542
783121241
940688757
243565552
1392864199
243517901
857577973
130415569
1385368396
1948046545
1787427535
1192364993
1723274634
910316141
1931371244
1079575321
684617461
141920638
1908185670
616802000
130240310
677881158
1687497401
54810468
456187682
73169924
1710912215
645642442
194047184
246288643
1885508064
119550078
1029409884
678713173
363115630
274790435
922231074
1220693604
405206005
160115823
1021256501
45149892
1352480816
597047488
955466034
1136368413
1676622809
1640083495
1278289051
1437324832
109401847
1408529361
2115205990
1796899249
1463339829
423910024
1870069173
1026768396
1069552467
2064116357
1273057039
807576883
36182787
154983276
1486290056
399298418
429773711
261037482
1619992022
834979716
421153305
493764875
880129609
1773634122
1090812363
1835595643
762518887
619951525
1328195490
2040807938
2057276357
1437597338
1301853651
2024998699
1087012939
617709832
301425076
809598464
1644478228
1370977543
726231174
770051619
31070778
762413961
925034895
1517360834
1161712379
1354808607
1778398316
634220753
42304675
52067974
1127985629
922434284
1825702096
71314344
610546279
440737335
691265869
1938741770
334061625
601058578
1228855460
1635915276
478573630
168384751
106141460
779998706
977983215
1750619688
3492601
1704214389
373187659
34563379
319144703
1298222555
1551924213
1480857082
505547514
1182838881
2115077836
547852189
1234906855
1095579817
1470286474
913125303
1166894161
2080832753
1353862638
1858160031
1872090875
1687924263
311734961
953462687
1176355891
790308591
1121847438
1282497351
1570307297
2099830654
885633391
1573799898
1656561395
1258821051
1608363277
1975706098
409559958
1012803842
1309079533
915107472
48159076
1276673721
1462959661
1283065931
224769890
785762487
48707587
1391664051
719111593
1402570225
1102340434
443718820
943010841
1414075396
1397181508
2119366732
56900339
371545298
1254380436
1627207637
323892304
2140013827
1053523887
1980453700
1251351230
514403517
1808676150
1660911188
1527207359
970272035
428535012
1575366435
99462108
1891494674
710948719
324231998
529773513
759656306
1715896050
1248885106
14742883
670752836
1692603927
957753724
2084828232
942301787
929636809
2141728572
1313847085
36533597
1621452561
1637739390
29063776
527492800
1470709442
1280415007
1041896317
1131901944
793842547
421620029
2102173980
1222377560
1996986464
54152440
966388586
560451535
378384439
1496162099
1320107841
2094280489
597563558
1334850725
617549677
142683837
145120801
554894262
1084985624
1074757610
549139186
251349061
1111291207
23108099
1889088451
1140354984
550600899
1212314245
273286343
1592497217
196732542
1067128890
2014117246
151422874
142022802
1863620062
205575314
1108411388
276587950
583959753
457089840
1596695791
530756594
1054653398
784062868
1148306272
1197337235
929183670
1703200534
134839211
2003941280
104856072
386188272
967748840
127964171
127793076
2108103824
678565070
1340107321
233906519
123578639
1536839863
1301035409
2137695885
1688262737
1443058212
1853832300
1893838052
403985952
2130420250
330314157
861075792
1579632393
861070752
1915729190
216211614
2009377024
965582777
1145395284
1565093910
1100421988
1001852916
1669949982
1486610261
1969601756
1797914153
1614403337
1930221932
328995575
807027010
16644803
452574215
196383226
1317680213
442786452
1884645963
613254777
149135104
1631000367
1017240729
132071706
1961314525
1878316522
1711704100
674901629
1646562064
1927915714
536795005
464661194
925827350
2101888915
1565083182
1927680266
1624355249
904209795
1749798375
1274785754
371129484
1532536659
1603781329
1178156495
1549181463
2056355544
1374539721
719378028
351658349
1111702036
1332632805
500793453
595218756
202389886
632865160
409049633
2080706408
197085612
1083951262
1579784825
2125001326
1620746267
2044446019
903345028
1575151534
1462045553
683541646
1052023135
218771701
285856373
179325241
589901185
1818393033
1783106570
1768057680
1220090848
1691978467
995113753
1939468876
2043636816
2106815790
1124618033
396946621
554550898
1327007919
1029811781
963600531
1260230680
1226897393
2047551793
692531857
1204415071
1520814412
589494228
2107760099
948482298
2051539781
643818098
2000505433
122827834
929674471
32347026
712729020
600583856
1815453596
333303052
1820674704
1359948415
1328416806
1612659932
1256101583
1287748948
589794317
1653048205
1842299846
1916802237
535376338
658416729
1029549269
1762273732
558484874
1722081126
819205155
2079299286
164091706
779481607
880297936
68147839
1423299705
733319721
190975674
205490528
765666747
903704694
806074385
433636695
1237007746
479265441
1793585111
417940904
2091925374
902203046
1705689852
534236043
407767603
1400506050
303554632
943143942
2058922779
1333103901
557934026
469924005
907701379
1377139181
401739643
1071793085
9137140
1282037579
1139940925
1432436845
2015357300
1330916599
1637927374
633540399
87137645
296518111
1067177095
1324145391
775783552
713278558
1742086296
720225278
1615481604
1300292500
1254461322
2023249208
553314903
1558015954
818909502
464754034
743636208
1376843528
934678040
1651337587
606499061
1336417683
575647025
615636202
470971615
1715587950
2048073047
338845267
899020901
1538516773
972385667
986158546
1835034884
2039562762
162820289
463334789
605357672
1904906585
1183560067
73355628
1057715438
290537741
2096604836
1611030341
1848553696
768030690
2075784375
444706256
2144874218
862978767
2096043843
603889632
51912803
524207220
1219525834
522884418
92311522
1120115233
861729685
991332423
511148359
1834115352
1977490969
198699595
1726194466
2140311259
662034384
184068490
1897734196
1845594452
257424119
807965986
2136132193
206545307
271512679
1837202241
974575998
199813407
134424849
971966568
1062792174
82985045
1575856200
1114704977
607192265
647898386
1637589395
699503788
1768013620
351835433
1690836211
131678331
38467137
1520843533
330377926
1764661604
1513671144
992412311
1948730094
1263921692
690523115
58670565
2071887679
679171660
265215873
195916710
368890254
1239791871
395730117
503315103
64274791
1458522292
586300148
1640130992
425743621
1193492414
140545730
2063333017
1892996202
1908559350
267684802
1436348765
2040237681
306151939
809708650
223131960
2070813543
175896146
1215544271
1872059990
1439817839
1906067386
1930730555
1364221870
437755398
48462780
1560138580
806645652
1288254651
1955868698
1309960756
1352529443
1266907342
1896260904
845176787
1692650963
942269670
985722517
1608500332
687782224
746798220
1876185134
2124130990
639552253
34853426
786355992
862684213
2105666969
962252139
2078228484
1830243311
254586330
1836812222
1613490219
1618808200
127083973
1661952999
1031463132
933729625
802724003
839848182
96206733
7769798
2106755524
1992467638
852946585
1651922840
787253660
1838669102
1112939524
1475035885
437983674
841641011
1451683227
1077535928
876494437
90555571
1940220141
834677758
1052807710
1870964978
517437422
1307394040
1560293552
2130927641
778718592
1687377525
1645396992
1810181725
473623503
300637347
502546259
569830236
308407145
461818136
414814226
1161353730
2113740976
1202067887
852539185
1079196852
529620124
1290522859
1920837863
1981303351
220575139
649848652
2071858922
13311633
1484526411
977182985
1884276611
2001963833
137093377
1297086515
1985407826
915811970
836980393
1483321170
578510047
1310603896
1783958518
1081056306
1880434132
2092365663
1542874442
147764711
1106235746
1509131770
1349832598
1958774931
440844975
1879452722
1101814142
214199190
1713272425
1322389282
864047843
1637647699
1335700915
201090606
467347036
1072493878
55570791
604440414
222096745
2040978617
1520252384
1059077138
1376816139
2098762431
222197386
1013291009
1032335089
2102631519
958173025
427725884
102912582
2064408771
1936857654
1452745180
1875700054
230218981
1184714254
830030548
444418172
750503031
4936182
1308466015
240667082
1340637097
1509556621
708014119
265647327
1565127412
1312454533
487744073
1458622381
685223269
1546821211
687954872
636502052
1769018598
1701245882
1668837141
1724166469
511935259
2096563025
1827079051
428860382
1885937032
1132340583
157076788
2116156013
169571189
987107336
413090537
920074220
992043519
1721556552
1160741302
185196968
1083629525
1868755421
450844296
501273289
1033726306
938588369
1959895670
1718949575
337925932
500366895
207967979
2106944530
54129129
1876805121
1683627351
566064388
1825884498
1363222754
994924770
1564337882
348079689
1152001558
1533010248
517650878
2139108894
1946100785
1437725098
983668765
1520173690
450982753
1168865734
456319567
172254526
1619710030
957592857
1205980833
410814751
770004879
777446760
748740683
1270371774
985414740
708201566
1324500903
714736213
244345269
1890565291
393137063
1607568024
738006413
1957474946
1955647713
1890007971
1343001546
325814944
1881633218
1141618683
1763540042
717818335
514308725
67039147
1886684069
970628293
239293674
1358910451
1928221150
1445274507
1769725202
550742381
75237619
370982238
1821114156
1060652359
1079183804
998131411
1775388572
1323529073
741213055
21041988
783613449
1479219468
1978516934
591777515
1221743792
1174034832
917592459
955893362
168169867
533648853
1673711697
682478593
600688001
1412912119
1653106886
839981675
624338922
1433844388
137772534
246580477
1984586769
213010153
617562715
1658217277
1273662513
1696746519
508865041
901567437
872791944
1250078096
922609425
1656405394
581813916
753642711
100699261
1803557708
1927677543
1018291720
611967422
2095847411
1551940573
138195472
630842356
5144926
1551107591
136465594
845126601
27962865
1570309982
982899135
274543342
1407413103
1195909289
892106057
918146733
322088154
441368928
1427011774
1223655591
1314160873
529606222
2146265017
823082619
1111420138
752424080
923781880
767494199
532617976
1942073600
1379461621
480981739
1346530525
1517657093
1111824095
1351675452
921281036
1248289689
49318405
949243902
671116023
1032217541
1223787244
2078529126
80643182
2115893302
849192211
402731336
409778582
128720337
1626386927
1723939455
658326559
1625168296
399538426
1769746698
230108729
1323320306
389757249
762726705
1117910258
1769218870
1243708444
316957136
1139392316
208048891
1668632588
2060673352
1456338580
1717950993
862433606
2127454603
602684886
2086220851
2058500081
683328068
2054630505
760208645
1086059404
316925439
888928982
564962684
2040864895
1547255542
42647332
292919673
1169518592
272756061
1616239980
1559275841
1035482766
586666590
1181011063
131707562
903623726
172919731
339756453
424772666
86109436
1796095033
2142723660
948543042
1776065988
597924898
887280245
1687082422
1281252967
794427102
299807419
219828723
1111352542
1188736401
784791407
1004733789
588508295
827438740
1297653462
1758026887
1100194801
766409794
1169819080
2135677568
1353076385
203346496
119901482
109216463
376266227
459657936
533989130
462375663
108269321
529229142
1410918706
1884335310
1127154040
150715303
1423934084
260923359
945142406
1723741503
480752083
2056494948
764994256
1265543490
913745089
1353502552
2092982230
63914903
964045791
1045693384
830324698
2133864872
1033887304
35917435
189727720
1153788786
145133898
565993947
1613446722
679123028
1028369611
1721716044
1208352170
291804669
1458567706
188022563
442519972
735018142
448945922
1387662378
311275997
929698005
1296673678
1076270253
47757848
62935119
282289157
2140740078
126850023
1246334949
1038949814
957174721
1232716173
2072837118
993092156
1422443893
1079142257
1138226054
1988437840
545105331
1817349083
869323803
119337727
878217605
1161128472
1577905433
1066240168
1603648445
165439927
1515186091
843827175
476715924
297400448
2140500854
1552986178
345158296
55952325
1835275335
338414727
182802348
934126636
1377364541
1139977069
19359161
1302718012
2133069225
1441803054
234376621
1123811632
1282757247
779481952
793677067
4597402
898819680
1671894672
1165725875
329241465
590651193
621890672
494681393
2105837284
1465717847
971397317
255754084
1458735053
376899847
600912381
1514687379
64691535
939327108
1697489727
998818171
169208001
689983149
1018177333
1471926013
675568726
312496739
1706302634
1799380358
1595253986
338300939
445573777
1599851389
1237120619
2117468450
618093616
1566362084
560635995
1239984288
2061043477
518989631
558218487
884957147
774743715
2016953541
1261856994
1375656096
1384157272
1326548529
167499556
934163351
177883053
336707558
1624146500
1196060386
1808633571
152231579
1508557125
1367452558
1951611937
956327464
1705753497
249702067
408695205
795390468
219686869
1026788821
214268904
780322864
119289461
127828734
1299312495
677507948
1012785881
2074056210
546977841
127159227
1302228659
1931135113
1453707757
1469728215
717814817
1631590810
1806435773
194477669
680167548
1467585697
346709248
41241025
687554607
150837538
997568489
245824456
400539605
1406263694
1041214924
620226474
285568867
1255483828
1400549338
404858328
1383312562
552378185
1082366277
248614795
478950747
1629344118
375774023
1781179406
1412995584
1829481780
1103423974
2130810401
1313588942
762376099
177804422
1993756490
82478148
524513671
2034997515
770032755
675351209
885082357
1015857211
1075890814
143862403
2057072135
1696117288
429431271
1165072316
949182978
834289599
400901230
1501561163
1916655876
649516026
1980511910
1398516347
1025290049
1614207669
664028283
707288181
570147995
647355036
2020877123
1332524094
825159458
1867149965
1415002243
1349673129
1754663832
37551350
2025024338
492262541
1053408562
953431504
636124945
962997049
502065144
1065556216
2128069365
1451248122
1899845815
381486948
805325637
1669018044
1031002974
638353900
920050743
2056293023
105077921
1584079026
616097556
675225916
83950414
489491031
2007750010
909109872
209157348
1275268605
111299354
1963821180
1312819956
2136323692
308600074
218744870
942271549
944725019
1181741919
1444336693
2010281235
1162327637
748101168
1762643402
1543814585
1553426805
1284177798
427333911
44297057
56744893
336143286
149374978
1640823919
952240842
824600894
1724774333
1441731873
684867257
486400558
1650889221
1960135862
597699912
1467226753
1125472170
586539956
1775826827
1344217040
1528811505
573068198
378475312
825664551
435865785
1540802949
1573765719
51025540
937133886
979708876
1335203338
1364467797
1024005934
1391948232
1700611083
1173380912
885288503
505368277
1997981807
462579189
1947100150
535365416
948979747
1450505723
348017630
1546679659
770248828
1473489801
2133219615
398592008
670223193
1514547473
971660206
1048698505
192728376
1407525992
442017806
1766494095
1458551532
1379151692
598719323
646271222
596135841
1622725257
2038219454
149263276
648622522
776024310
654631553
499120681
1238603499
454248055
1034486097
40099598
1904753778
1382503727
1586779257
527518959
708509880
1572515224
926110967
1378733074
939579049
1897771173
279947931
1132307425
1157813517
721965738
751317872
468881401
2101117430
1350037196
1115152624
549769624
825278805
1005888430
699032900
1473901327
1781912740
1353664454
1973022008
873032591
1807912509
860024457
913132189
1565182640
95044537
352427798
2092701599
803554417
1924943023
871328918
34803843
717038424
621616443
314751775
1849345850
1779429961
1036717513
453180074
100827714
990351295
1803217270
1215980338
1540120919
481012428
74385121
91670172
1954913755
1856297861
1445334626
1780452116
581846805
1105763487
492992925
1494978994
523462479
588037462
1847406793
468680430
1391591880
1624866168
1340009348
1426395723
194420944
1961625792
1741147498
2043766794
1593572105
630381363
349463221
1694399819
1620732659
5196843
762896510
1013369930
486209271
837281631
1105040102
293639379
546095844
402891080
2074091495
1127942649
1508654568
419600772
475437996
2032117047
1007638235
175361141
353313830
251746467
1800227309
1693323178
1678142190
1994648253
1507465322
1271806041
1890931400
953553779
1902187404
92910973
500469951
1375436415
98107816
1263366461
241322698
584317088
2100648092
1346362800
877956467
499260288
1749253881
804564314
1627202938
1110424801
1224165086
2102640934
995058200
84319673
130518427
1348372030
336066140
1930745736
894211561
2014208331
1777910341
254193235
1138530724
1521358093
1207747015
893234480
1614269066
1708216966
121187248
1712376883
824099779
362509946
149210323
777264223
1708872746
1027166790
1276524511
1310642979
1831731104
756243801
273584132
908412542
711401087
1268642333
992732216
841919514
469530715
1328798356
625181602
1363742276
1195523039
255608296
1617935512
186570115
1776966389
678198879
1079804596
1243751808
238932197
1200991844
808645043
1063031976
1563501790
957855366
1840296199
1124890888
1985022156
969337062
288050220
1669269612
1725580864
561634352
430198506
289498303
1830276685
1422930722
1131417818
152323753
604245431
1756599420
1516066029
1799768470
2012207716
986517893
1986338586
1641690458
1664716772
918659534
737958618
1903648969
2119651378
1546603661
819197297
1535669520
356975379
512009848
513076760
194513887
1481346911
801126980
1863783499
1059444127
1362761333
146498357
1348942430
1045554370
1569429080
332876600
1197878123
26190863
2089476021
566460505
1825959333
1954200089
1552978398
1664814271
1448406899
1070211523
435990157
38881869
826376844
408157887
1585485530
1645574142
1943827407
1942460909
10100342
309420520
2136974796
1491447253
1110547500
1853274647
403407732
325825185
1999773005
1752350163
1371379556
1421718437
2085226763
421774031
1447909300
2027219136
988234536
1126384985
1833935578
393729287
643715609
1134858829
1463940810
1079705766
1173740699
142834006
1487863654
611742581
1788408148
1284207413
406719843
1798508491
1593627933
396210991
1142472096
556691786
102001991
1545879829
882516971
2101774996
1150746344
106412879
1376009785
1088489459
528186911
676435437
968224948
1516421447
1802820422
654676878
1910150734
299052383
1789535707
1226607896
1378758150
815792758
1369441903
719138156
1427535340
1010366403
2003345569
1834255183
661391246
1449489855
82982526
1803863343
2006181641
184984517
1202259524
741214964
139275865
205522220
847627844
1515285650
1294011679
1375814755
44237439
114752979
744752554
1847057862
769429857
507419641
2146110245
411481917
1734027537
1377384747
1227274675
955985792
2096522903
507326367
1966352196
1952384825
194097902
480259794
1254391032
277080429
136639489
1113089025
462064946
1338899013
1854303989
601340812
1544421233
554448185
2116626462
690949265
1930262940
13380254
805702244
527531847
1860438116
1575132102
1034951488
1859064713
1986614019
621495377
1088965813
1066405046
1577481170
1038005068
1573731414
1396349718
842906245
1767829316
1876609512
2097297277
2044909745
2013249002
1062902654
359491044
1204664367
769722996
960831856
601601953
1324171181
929974670
1292551218
1106950474
943354924
2098253462
1634482321
656309392
1525901916
521950161
367890458
1365032287
1143445538
1456856271
283953686
573443060
347377691
1857685100
1969792778
1190283937
1478030768
1698918643
1140097566
1375456866
1564683997
55516573
1734947910
621864716
825239569
548296118
1223466669
1927102
1478270788
368534239
1108877576
274142065
319304054
595876249
930451457
1845205970
1117826410
1298341915
1062754610
113788301
607714538
1346708296
687231361
955092230
1056909748
509540492
2145376167
387456868
60975487
1137990085
1762913734
1625659484
1193506658
1350377996
100040552
2018746227
1898674114
1323507222
2020673330
1229461255
1692041461
982067258
1503603320
2011345515
1577943508
286571129
1709067838
548286270
1584913045
624338800
662074571
45143935
1971047096
1349305933
1000236165
880473196
1858846425
998128684
1267930064
1919821912
2136118770
883360151
1397997748
1182141780
86254499
1498038300
1053404360
1984928614
674061874
926594042
1066906221
218619688
1908661300
423025893
82481555
1339121160
709597022
1791549393
1887407431
147026419
268404545
401998354
192170355
91967993
1751304287
1192406520
972441189
1462667064
43051557
92887606
1235005328
31686679
976247757
485519428
1213828459
1062502256
1983557729
119749171
899947222
510135955
1046343213
1966853443
728755643
807520866
242395688
811237199
2146642026
951992711
455302944
1886565809
1099019130
723707490
141080516
1291189485
815675483
1892384803
336112358
1788116673
1207568220
379163915
1881004279
295089900
410850594
709768388
780609329
1624679053
1772270644
616683410
1744428225
524734219
1126819365
643287790
344104014
1855575009
1450808656
586499703
519328560
1449967035
1538492414
974631504
1189049196
490027896
1698338994
1330129712
1781217382
366530830
1075030868
2117329740
7163855
135115440
349010007
1888168134
430205340
759860601
450452874
1210814669
237056006
75239870
1827498079
1981484231
599974089
806833797
477288374
944078104
514925158
1928097030
1530577807
1034253718
1230580417
921586573
2008885222
272145966
1411614469
1559740569
1602275678
1045348203
1926271399
529822898
1015194295
1933435254
664938338
1364204302
1674119740
1095143679
2124064903
2124572614
158474700
213637262
52328836
1985972780
47637845
652302926
645322929
524926219
1596381030
1160248087
305539602
979475189
47018157
1536120019
1901061762
2055903379
1808265985
1165192583
1468160300
1263058016
63057139
1246948051
1792880914
1078251434
1032899657
310335605
294972089
559535749
1405479284
271553344
536624715
1563953984
485190606
588953552
1402443116
532828452
1241256478
2047766045
1057754671
690153860
1060530484
1363294273
1669629049
1107548641
751930645
1423207163
1015968373
412712982
440916098
336645025
1675770998
503973237
1583593077
1321168265
1582224672
469009086
1631503870
1877196761
1028544836
889499506
1266457
1565169551
305969842
486457064
6639455
1708412959
1019285516
1247895933
1608695356
2077040187
1938049793
521742193
1292850813
1460195194
1629290834
2044781458
735918709
497775559
310010792
1176834808
834420585
1985781791
1680808045
270530014
1159466408
1115549069
739539100
643486630
845262182
1768083936
1532986136
846528640
1185769840
1838955978
1332985704
1192409295
1399885289
204787572
292821581
861096998
134344111
83387726
1382839191
1427194924
1543582921
864646377
1324492734
132017982
1362421937
1634503527
1308852790
49358874
1472801670
842177188
319888888
484784430
1957726257
1059427988
1128271060
655504792
680028277
513773548
1502033432
1865798117
205245878
687535488
910723764
1605131168
892323060
1203545345
318744518
1026667171
1286933072
1701583709
306378448
683032345
418746438
1630871182
815050327
1781168375
1117891061
2123903118
1830527249
443209083
818596658
2932489
927993513
628839267
1062360478
2056264573
1284344059
1742388755
422554473
638893843
1460703224
627800352
1326429331
223943340
85447872
71268743
1427488686
404192390
1097935915
566938110
2105776099
1404314363
1249970455
377038889
887701897
2065020782
10723617
2005592959
2041440252
1841250866
301318394
712553262
1844183356
1229311908
1341392530
759060186
1138092833
478252941
353965293
1560647307
1117146785
1814668517
40964011
296092468
2038611857
126411883
367361212
1318616895
530604273
1465297127
1885555005
488896724
722127842
988041812
865935613
1609829739
905578947
876659230
1467939050
799535551
570426449
1769257445
1512088814
267126157
851085705
705997696
1026186343
1989178538
1184250637
1380151636
1402342197
153913774
1047336505
1443306208
450006243
938464714
1569718091
817367455
109597962
2100322364
135180934
1995152967
441735440
857308776
835711132
1307671054
319654867
1741290079
36846636
1787593918
393341982
607273085
1409367715
1905430796
874399242
112969772
463944844
1900585585
2102148310
1648195482
1133253573
1357006860
1802109256
33106430
652829420
104631851
971571145
75063864
921999306
1081169107
27902580
1057180240
928838426
469638021
1914489016
1764549558
1777309075
86660236
1358355989
1814155711
1874254154
1751697972
273945149
1136138221
1509645120
1148344391
1249107993
1973589965
901446329
1203772655
1474301799
2034699902
413295867
1128927407
2067806333
1066125288
1233559259
891893830
1141189152
8074917
1973062937
1169091732
1065255158
754417715
1638729753
832260526
371483626
1268555180
918920762
1729839615
935227244
645691268
1334053939
1209172393
1781829489
696215412
210033136
883453834
522321729
1111479465
2087226490
1996623528
998695720
353038709
978067287
919018405
1419163997
64142898
1810912235
412869501
72217816
1636491524
1581961234
1137472974
243425591
1073207339
1969733500
614909217
194278872
741170615
197265185
1129506116
1386861883
1531319124
191194861
1021207725
80050888
401227997
1904661559
602372617
1512707463
1844404401
451512497
363919535
49959463
1429579785
1282937940
1469123460
1493722683
946366527
1881992962
1565940499
435374403
1316470548
555929825
678799994
242194239
378179678
1293709212
436473111
1119350293
1490974397
1565979227
358728528
874809873
1757174088
1379936253
954860762
10918438
1137114165
1557233379
1523625901
834034918
2008745877
1887545436
883994381
1290842014
1022999728
205634194
637081049
1969366255
2087627156
55537901
257257010
1256614056
611467726
936057004
1498808295
989647404
82282568
1935281407
2108997697
1573256965
1353776986
320242578
300583191
963467427
1700178831
1255443953
974385865
689809348
665193684
350528118
1523844267
526455913
90589906
260355000
1817297927
1113589634
465989194
306895329
935472241
406132702
362433230
1192729251
1662746758
973900956
2128786255
1014071406
1963548361
63585176
801869165
1925062410
1636842141
8162503
97821340
1937425332
971629930
1798000172
1045385637
1946015795
340325872
1710579322
149060265
1864170139
89551587
239650171
2124525140
1906849515
1353239805
443030686
66261196
141228398
849163389
428694426
1333957649
364426499
1402595382
1315260257
1378497905
1218660095
1378845433
32883422
996238858
868203926
41045926
1094060198
658145611
1012675856
744576722
1703531248
811208004
1084902595
1266626922
960268269
801589086
1356178510
1199918441
778630578
1115544377
405674598
1221661265
1181805573
546902997
2070824654
1610499999
1880860646
287767505
865611733
1048637255
1666265411
2084271829
279999040
1699148833
933027039
1148202967
1740194759
2027087237
1806348578
605386968
624180312
1362396178
1416594972
1709082907
481539453
229379593
363188345
1837717963
1429298034
1141818924
805778692
1834972633
215996541
1987584265
234391982
139337547
1450600616
2115252628
427105052
168728701
1016406236
2093370463
105516882
1296405276
1645035649
1038543921
297124595
1237746760
918147511
2103473173
1843133728
1542327823
1318385704
1112245052
1103927082
1799925157
1341624646
1467115427
1490159472
623439032
461450703
148454516
310928017
677447244
2136038781
545319999
816784791
1439155749
513088980
1243889844
1607884450
1529495216
1189776659
1713401333
678416844
687328660
604461606
975541440
1925075421
1522609117
931530965
1620725501
917453292
102433021
585486906
2021380374
1902358178
1927111552
1341012154
1245034002
403066936
1802462857
1393488518
713994954
332426454
1382043651
1259314953
1149211245
673715752
1772403933
245617441
134116555
1154415501
1435394101
1847517888
1832832346
2122722761
304495846
660890138
1900314534
1827104964
1592421103
1373556388
597074608
1694854125
1959043294
470971335
1449728655
1738671198
1811983489
547279010
2141738134
1466962698
1940767528
708249440
1799389152
1175327532
1967564394
801116750
1849043284
1592484679
1046734191
1983159839
599416533
334644644
1683194079
284765231
309883758
1987689926
945655369
62714644
1667311242
390592824
1436271032
116902202
2085446949
1247830678
587873537
1387691957
839018228
252373378
1934970967
833272715
1719336077
1728254847
1541522155
1371241581
756098731
1361602901
24874683
457658368
806603933
1071608875
293334559
1406020466
1406253519
1976528639
1690785697
1716137277
1816734917
488957418
1778851922
1336562511
879550242
1067639306
1453464713
817513544
167986337
2041338251
57721853
1007004565
146227981
1992692820
1840277280
1865564058
1573464019
1234315788
1089321992
182079103
448435041
1114196675
639737471
1255038974
38321902
933072030
513575792
1444575422
762117021
56877841
1013229051
431368290
545835259
644597325
1767930801
1425385502
1712236632
1073911867
95415398
1880222969
967766470
153137251
739743886
1113994451
2145830071
432537519
832074862
1571810442
1666853307
1921396854
1753889545
2115288348
888109881
246143368
1222843675
926431784
1179215399
1736419467
223523558
1941332420
1793297309
1236752609
225217063
191648920
1881349935
1993147864
1617034422
1446102919
919576083
1712449820
1178842240
1887342553
1865587071
1918586126
853853357
1863933494
203639997
1685928219
1288260289
1870493304
1459841425
894666186
1838298005
200467658
1140809555
913658032
1126899442
172541306
502593851
1350423000
2113873726
148407512
439691962
191607141
340056433
173558249
37271358
1957090855
1619661168
956847441
1522057028
651019760
696706347
1240160451
422122238
1550559704
956610298
625762236
1089004275
97386939
348771892
401362052
992053125
39586249
601829710
2132862680
953244281
1728729153
157920338
1455838133
931668505
124310417
1604245645
1371360467
315917558
1944302078
1544918716
353188916
1753909286
1017096236
1310036358
1128482666
1668115996
2006742705
221159469
2090238235
1409818761
1177769767
568516823
351339388
1275156706
917288715
752701440
119726184
956874965
1354531150
105105216
1910119246
935776655
263025555
1218473731
1867445161
387335972
675235729
1091321980
703253530
472054159
488757049
1056442447
78479797
1505853285
218995157
1206962463
1026485634
78254214
1428121933
969240221
1488072975
458408052
1537757044
1839412363
1733564759
307562111
444630155
1853290943
1264437076
1799161305
1958396159
1027072675
587454313
73938066
98062758
307415826
461274038
773298487
1398737806
1164527569
1245352647
1887494855
73486368
1323832444
1245864493
292481525
383311260
124866479
370735739
1811433193
1094106700
1858808714
122357597
484380096
1550737429
1855922356
791942207
1995367584
1561729651
2056379284
1647045241
1372642163
935968311
87015906
1446580229
1034031069
394431732
1907854268
1807329557
1793169539
924898189
905198556
1533180746
998384557
81547352
631561591
1290866082
464858612
756428070
1661601821
128808157
1850534770
1372926887
251165755
187431218
776180668
2107088111
979373426
624064604
1521334115
888269062
123626197
746492630
1824237373
210642104
45589211
710784794
605073836
1953443479
370630703
250759727
730858020
1275829259
1783940474
1729242577
1357376612
268018417
872625011
1822235224
1024446488
386743184
1951043382
727497610
1759670071
54725489
914928829
388367091
14329952
1894302255
1012431695
1535664067
635087669
1136057893
134673049
311841394
1346699997
180262261
1022626188
1951773833
2133705740
1393256892
55049913
717080113
521602503
1838990387
298839042
1878979115
2107008804
1171464054
1553730692
983971644
1558207238
1357290426
1711469255
1170393662
1412015915
478914436
1558760753
1426345867
225733043
423708801
814526287
860820712
1559766694
949199336
1172662106
758983043
1129461597
47804646
563273228
1115683690
1441061538
618323141
1832763803
1962664042
309829880
2131602845
1694159509
269355037
1155583251
1100406553
1253326681
566306842
310213331
817312288
1736700504
1722229246
1296226724
1147977609
1001091466
1521959767
1571686410
1815617753
235296831
983969456
617333441
1407958937
1742952499
1746795039
1455763584
158742080
714995081
749341474
777065221
400275236
564521868
1086895102
384394433
111197730
1356250139
1539977685
1211604283
462093172
2106284527
1521817615
1279405461
1695501383
1096563213
428148537
695995344
2097654679
1950108305
120198107
1765788784
37921488
1104167563
235638578
1445880426
699636415
1982433617
754160362
858378495
549945050
1503501836
1635443716
950220286
2068023705
574855170
1334614719
31737787
1931105309
727108756
1243342070
245714834
685909635
617676037
1525120295
233927370
1714239251
1953268832
929922715
1664410282
1755893489
1050120822
1282715419
1793814978
6804737
1518353997
1092211756
706441152
1353303966
1846372118
1564819647
1903249016
1202390306
1052779716
705985654
1122930363
1627634886
2040600373
1154668150
1411256548
620225482
250526573
1656971382
1306135117
868202610
1034608029
1540062488
434958213
840393213
322501555
2099368496
448803055
1372622377
1234600267
95134385
1379427114
605470616
1187346141
2085868267
1958774582
886234611
1503204266
1714539950
2088624917
408500334
273041956
1064071633
2036135221
166158681
71256135
1299908121
786384163
321782708
809395855
2092519281
1189985319
1844003884
1485098121
1624943532
536913449
1807599676
1576828380
985716504
1032738405
663944999
1080850889
264681871
1269415615
120713382
203066490
1080706549
1006947993
1706270757
647762851
948089263
2114771091
920804807
2012160896
2003422664
1086963489
2083417031
1155847137
1873347652
257716092
1965242992
1818383285
1447701411
1661763228
1155997758
925161295
51193030
816113786
354506028
1036909534
1848852191
1018451027
2117760424
2113534063
140382995
90990158
169116905
1221089544
1097938152
1875387662
1868852396
2046027415
1842675106
642173555
1910704663
1698614122
1729137044
1846638046
706977612
1455001049
2104354138
524736956
1125900686
1404571901
39016537
134414797
182249549
90209567
950528583
536755577
1127119101
651897127
1555206604
1097395877
617947542
1695589599
1188386036
787064447
769195496
138840540
514968462
490564244
37384307
210159920
1132737799
1948088970
1908774042
714391196
1647243368
468268006
21908597
1604113859
993004963
1147809283
861202112
1032021500
1282224080
1043451661
1122231067
85269016
1580207238
101866520
737166143
987930195
1199262398
1355113685
536036146
240164786
2142178132
1305231642
379005326
509662946
1795795886
416389633
719822866
781050038
216994955
481113261
1495441234
1864238323
949381267
1517349831
1320868534
1942386230
517675466
34586999
826924082
1799899547
1078038660
1949155149
1885168563
510762251
2051021670
474851058
1498692446
1102800420
1829964743
2034728592
1342965206
1824659227
1192476587
1721970532
186838526
840788825
2138360165
906661392
1621838863
207871472
1387774653
969796449
2072109795
189672273
339662632
1245494682
2132058503
857338099
1280081681
811498938
509753998
210636693
613170439
247438913
721398944
516708461
722289971
72607742
1619508881
404771066
2107336335
814990439
81946645
1152329274
389477323
268785171
1993118099
380353840
1175446564
1467473315
588225312
415737569
289786116
512851460
605409842
629448749
1758346142
589984698
1486786848
890944175
1401483636
1996540846
1101580868
2014654075
96496111
1822979813
383878889
818786082
1895587555
2003387770
1223557148
1855440242
670894562
1305503793
860285868
1060371885
1574288965
705920320
1440725726
602251881
25909987
2028951038
1017989450
315696103
394318850
1623399293
945144852
5181344
65900343
284448052
896125519
1467383979
133505250
1997706388
1334554406
230001361
1673202553
1718433295
1048787443
1421306460
1574337418
124860943
1129263055
97748332
1430364737
1989548923
1158120217
857170054
547985595
451362295
1459421935
573895582
332829686
329927737
889591686
727148536
1953327030
1834736538
732329881
